//---  Quarterly US data. The columns are order as
//            1. dates                     (quarters)   
//            2. diff of log q_l           (land price)
//            3. diff of log Q             (inverse of the relative price of investment)
//            4. diff of log C             (consumption per capita)
//            5. diff of log I             (investment (in consumption units) per capita)
//            6. diff of log B             (nonfinancial business debt per capita)
//            7. log L                     (hours (percent of 24 hours) per capita)

//== BeginEndData_iv ==//
4

1975  2  2010  4

//== Datarawe_dm ==//
   143  7

   1.9752500e+03  -3.4173804e-02  -2.0713870e-02   1.1464670e-02   8.8793970e-03  -3.3828488e-03  -1.4798166e+00
   1.9755000e+03  -1.2232211e-02   4.7394901e-03   1.8610699e-03   2.5168101e-02  -1.9327476e-02  -1.4759462e+00
   1.9757500e+03   2.5198165e-02   2.7631297e-03   3.5648563e-03   1.5730394e-02  -7.8102262e-03  -1.4638407e+00
   1.9760000e+03   4.2478351e-02   1.7434309e-03   1.1303936e-02   3.3061866e-02  -2.5833059e-03  -1.4522194e+00
   1.9762500e+03  -3.8497562e-02   4.5084497e-03   5.9287338e-03   1.0311742e-02   1.0979869e-02  -1.4563554e+00
   1.9765000e+03   4.8237510e-02   1.3017542e-02   5.0578395e-03   1.0172267e-02  -5.0291775e-03  -1.4572034e+00
   1.9767500e+03  -7.1930835e-03   1.0413791e-02   6.1456831e-03   1.8482798e-02   7.1934066e-03  -1.4562995e+00
   1.9770000e+03   6.6876039e-02   1.9228567e-02   3.2554581e-03   3.6570465e-02   4.7470313e-03  -1.4500820e+00
   1.9772500e+03   3.7356187e-02   1.9503187e-02  -3.6471454e-04   9.2736413e-03   6.4101549e-03  -1.4358729e+00
   1.9775000e+03  -1.6395726e-02   8.3455619e-03   1.5113184e-03   1.1262318e-02   2.4356192e-03  -1.4301068e+00
   1.9777500e+03   7.9316969e-02   8.3770371e-04   1.0974033e-02   2.7771529e-02   1.9727454e-02  -1.4248370e+00
   1.9780000e+03  -1.9150057e-02   1.8696120e-03   5.2810255e-03  -1.6462939e-02   7.4437897e-03  -1.4245149e+00
   1.9782500e+03   1.9769522e-02   1.1414654e-02   7.9388441e-03   6.0156724e-02   7.1977882e-03  -1.4000126e+00
   1.9785000e+03   8.1089129e-02   1.1563140e-02   3.1344225e-03  -6.1674004e-03  -6.9692144e-04  -1.3962037e+00
   1.9787500e+03   1.5807521e-02   1.7085643e-02   2.3316173e-03   8.8175983e-03   8.5387268e-03  -1.3888173e+00
   1.9790000e+03   1.5344699e-01   2.1120201e-02   2.1133072e-03   4.0911501e-03   4.2423262e-03  -1.3862254e+00
   1.9792500e+03  -1.4205496e-01   2.7436721e-02  -5.5250112e-04  -3.4775472e-02   2.0426746e-03  -1.3863867e+00
   1.9795000e+03  -5.2583790e-03   2.3427515e-02   2.9047418e-03   7.2213652e-03  -2.0278336e-03  -1.3826001e+00
   1.9797500e+03   1.0644960e-02   1.2404850e-02   1.0692565e-03  -3.1872103e-02  -4.9700021e-03  -1.3858082e+00
   1.9800000e+03  -8.9174534e-02   6.3232939e-03  -6.5411471e-03  -1.3127038e-02  -7.4650831e-03  -1.3925327e+00
   1.9802500e+03  -2.0619617e-02   2.6859755e-03  -1.8714858e-02  -9.7571784e-02  -1.6961015e-02  -1.4142839e+00
   1.9805000e+03   9.7741746e-02   5.6713968e-03   2.0830275e-04   1.7866407e-02  -8.8821343e-03  -1.4232589e+00
   1.9807500e+03  -1.0829199e-01   1.0832515e-02   7.7138597e-03   9.9659266e-03   2.6890878e-03  -1.4146958e+00
   1.9810000e+03   2.7198502e-03   1.4161399e-02  -6.9215749e-04   1.0847205e-02  -9.7294180e-03  -1.4128999e+00
   1.9812500e+03  -2.0512409e-02  -3.0872403e-03  -1.4817765e-03  -1.5083803e-02   1.8199229e-02  -1.4160751e+00
   1.9815000e+03  -4.0642745e-02   7.6532674e-04  -4.4790047e-03   2.1169432e-02   1.4550955e-02  -1.4200401e+00
   1.9817500e+03   7.9644142e-02  -9.7727305e-04  -3.2008135e-03  -4.5823770e-02   1.0435591e-02  -1.4275197e+00
   1.9820000e+03  -1.6468244e-01   5.3689818e-04  -1.7009698e-03  -1.4890496e-03   1.2236753e-02  -1.4469511e+00
   1.9822500e+03  -2.8694365e-02  -2.9573947e-03   2.0326484e-03  -2.0620938e-02   1.5195942e-02  -1.4463726e+00
   1.9825000e+03  -4.4677703e-03   1.1007442e-02   6.5727632e-03  -2.0390266e-02   1.8489559e-03  -1.4566319e+00
   1.9827500e+03   3.7902920e-02   7.7158398e-03   1.2334836e-02   3.2165243e-03   7.5715614e-04  -1.4689937e+00
   1.9830000e+03   3.3256511e-02   6.1576485e-03   8.4062968e-03  -4.1408308e-03   1.8525539e-02  -1.4660356e+00
   1.9832500e+03   6.5568926e-02   1.0160881e-02   9.6028773e-03   4.9030220e-02   9.0711789e-03  -1.4577756e+00
   1.9835000e+03   4.3648819e-02   1.4966467e-02   1.1503374e-02   2.9085897e-02   4.8120793e-03  -1.4413618e+00
   1.9837500e+03   6.2145395e-03   3.7396311e-03   6.8675907e-03   5.7898968e-02   2.4643417e-02  -1.4259279e+00
   1.9840000e+03   1.8092098e-02   2.0812205e-02   1.3906643e-03   1.0967531e-02   2.2733101e-02  -1.4113267e+00
   1.9842500e+03   3.3572242e-02   1.3614821e-02   9.7166807e-03   2.6116764e-02   3.4233845e-02  -1.4009149e+00
   1.9845000e+03   9.8810352e-03   1.4822457e-02   6.1175747e-03   5.5494716e-03   2.2380603e-02  -1.3992361e+00
   1.9847500e+03  -1.0944954e-03   1.2864728e-02   6.7670060e-03   2.2567140e-02   3.8293460e-02  -1.3959401e+00
   1.9850000e+03   5.9319936e-02   1.5545811e-02   1.1180908e-02   4.0582008e-03   1.2298289e-02  -1.3902276e+00
   1.9852500e+03   4.5394368e-02   1.1741103e-02   9.7657994e-03   9.2763602e-03   2.1676034e-02  -1.3863892e+00
   1.9855000e+03   3.0865111e-02   1.2016102e-02   8.6298108e-03   1.8857129e-02   1.1992174e-02  -1.3865517e+00
   1.9857500e+03   5.8703046e-02   1.0163799e-02   4.2012932e-03  -1.7363404e-02   3.4399945e-02  -1.3850231e+00
   1.9860000e+03   4.4521643e-02   1.2191271e-02   6.9023646e-03  -2.3117028e-03   1.7568391e-02  -1.3893577e+00
   1.9862500e+03   4.9692123e-02  -4.4967791e-03   3.6125603e-03   3.1787613e-02   3.2119402e-02  -1.3946148e+00
   1.9865000e+03   4.4816323e-02   2.4837925e-03   2.8535566e-03   4.2067282e-02   1.5305846e-02  -1.3925714e+00
   1.9867500e+03   6.2731483e-03   4.8893542e-03   8.4421649e-03  -8.1086554e-03   2.6927378e-02  -1.3880775e+00
   1.9870000e+03   1.4754876e-01   1.0970949e-02   8.8582512e-03  -5.9165765e-02   7.9078046e-03  -1.3798172e+00
   1.9872500e+03   2.9413505e-02   9.3249285e-03   5.7719973e-03   2.6689075e-02   1.0285193e-02  -1.3771532e+00
   1.9875000e+03   3.1699709e-02   1.3608170e-02   2.5953478e-03   2.2608842e-02   4.9726433e-03  -1.3730252e+00
   1.9877500e+03   1.5124828e-02   8.3038882e-03   5.2546164e-03  -2.6822285e-02   1.6320976e-02  -1.3653613e+00
   1.9880000e+03   2.4030031e-04   1.4464182e-02   9.5267051e-03   2.8262582e-02   1.3287898e-02  -1.3673515e+00
   1.9882500e+03   6.4072806e-02   1.3562237e-02   7.5648799e-03   9.1831463e-04   1.1481697e-02  -1.3555869e+00
   1.9885000e+03   7.3880417e-02   1.3520990e-02   9.0531911e-03  -1.2724808e-02   1.6049463e-03  -1.3554377e+00
   1.9887500e+03   1.7613512e-02   5.0228895e-03   7.5977113e-03   1.7557929e-02   1.2191004e-02  -1.3467849e+00
   1.9890000e+03   3.9874829e-02   1.2464756e-02   2.2558194e-03  -7.9176718e-03   4.4763435e-03  -1.3399556e+00
   1.9892500e+03  -2.8570588e-02   1.9065662e-02   1.6366402e-03   9.5565732e-04   3.4743693e-03  -1.3382893e+00
   1.9895000e+03   1.3677287e-02   6.6112544e-03   6.3281571e-03   1.9085963e-02   1.0262065e-03  -1.3384626e+00
   1.9897500e+03   3.8324313e-02   9.7059104e-03   6.8067671e-03  -3.2038372e-02   6.3410649e-03  -1.3406936e+00
   1.9900000e+03  -3.2237631e-02   2.0234352e-02   4.5606233e-03   1.0345851e-02  -4.1927873e-03  -1.3407075e+00
   1.9902500e+03  -3.2210223e-02   1.7030588e-02   5.7965026e-03  -4.3214175e-02  -3.8916705e-03  -1.3484121e+00
   1.9905000e+03  -4.3140311e-02   1.5567193e-02   3.4164204e-03  -1.4311103e-02  -1.1425018e-02  -1.3578367e+00
   1.9907500e+03  -3.7934948e-02   1.4899235e-02  -9.4608501e-03  -3.2715319e-02  -1.7281448e-02  -1.3658719e+00
   1.9910000e+03  -4.8082118e-02  -3.8020527e-04  -2.8267263e-03  -2.7904384e-02  -1.3198066e-02  -1.3789974e+00
   1.9912500e+03   5.6690754e-02   9.9373114e-03   4.0740717e-03  -7.1272013e-03  -7.6824326e-03  -1.3876168e+00
   1.9915000e+03  -5.4907267e-02   1.2567665e-02  -8.9827054e-04   4.2275636e-03  -2.1240538e-02  -1.3916514e+00
   1.9917500e+03  -4.1803265e-03   1.2621878e-02  -1.4694207e-03  -1.9037819e-02  -2.4024573e-02  -1.3960493e+00
   1.9920000e+03   1.2170394e-02   1.5607933e-02   1.5068602e-02   7.7860070e-03  -8.0602189e-03  -1.4035263e+00
   1.9922500e+03  -4.4466893e-02   1.4070630e-02   2.1898356e-03   1.7252477e-02  -1.0801353e-02  -1.4021633e+00
   1.9925000e+03  -2.5910446e-02   1.3263383e-02   7.7669987e-03   1.0709625e-02  -1.5155055e-02  -1.4033835e+00
   1.9927500e+03  -2.2050570e-02   1.2097524e-02   7.7337558e-03   1.5573379e-02  -1.1039151e-02  -1.4000971e+00
   1.9930000e+03  -2.5159979e-02   7.7010172e-03   3.4732973e-04   6.1837639e-03  -8.3383551e-03  -1.3944018e+00
   1.9932500e+03   1.6739569e-02   7.1062596e-03   4.4169209e-03   2.7417687e-02  -4.9731096e-03  -1.3853603e+00
   1.9935000e+03   3.5634425e-03   5.5689887e-03   6.5759771e-03   7.0514037e-03  -6.8074065e-03  -1.3837499e+00
   1.9937500e+03   2.4597952e-02   6.6433747e-03   3.2575984e-03   2.9721809e-02  -4.6971450e-03  -1.3788194e+00
   1.9940000e+03  -4.6567869e-02   5.3112268e-03   5.8590385e-03   2.1448822e-02   7.6513106e-03  -1.3775990e+00
   1.9942500e+03   8.5184306e-03   5.7160230e-03   3.5033382e-03   5.4087754e-03   2.1232101e-03  -1.3634171e+00
   1.9945000e+03  -3.6842775e-02   1.1318965e-02   5.8181001e-03   8.0588787e-03  -4.5918965e-03  -1.3546323e+00
   1.9947500e+03  -2.5118113e-02   1.2863344e-02   3.6921221e-03   3.3358526e-02   1.8130757e-03  -1.3518109e+00
   1.9950000e+03  -4.1219631e-02   1.0057084e-02   2.6261466e-03   4.7811437e-03   1.6532103e-02  -1.3468482e+00
   1.9952500e+03   4.0077144e-02   1.1605720e-02   4.6406083e-03  -2.3493099e-03   1.4192870e-02  -1.3487497e+00
   1.9955000e+03   2.6797645e-02   1.2851074e-02   2.2677483e-03   6.4442418e-03   4.0905259e-03  -1.3414254e+00
   1.9957500e+03  -8.0898148e-03   1.2767863e-02   3.5614716e-03   1.1909899e-02   1.1197603e-02  -1.3435808e+00
   1.9960000e+03   1.5460606e-02   1.3912967e-02   5.8144191e-03   6.0036746e-03   1.1465567e-02  -1.3476882e+00
   1.9962500e+03   3.4136725e-03   2.0663181e-02   6.9576496e-03   1.1426637e-02   8.1255860e-03  -1.3423542e+00
   1.9965000e+03  -4.5781186e-02   1.2920624e-02   4.7033523e-03   1.0980698e-02   4.6674296e-03  -1.3378086e+00
   1.9967500e+03   1.7822181e-02   1.8269091e-02   2.6073925e-03   1.3716471e-03  -1.2602886e-03  -1.3289571e+00
   1.9970000e+03   1.0401142e-02   1.6986730e-02   5.4693428e-03   1.3370973e-02   1.2613184e-02  -1.3205035e+00
   1.9972500e+03   2.9082570e-02   1.7208734e-02   1.9997062e-03   1.1489241e-03   1.6007369e-02  -1.3176523e+00
   1.9975000e+03   2.0129943e-02   1.5649043e-02   1.1573686e-02   3.5125878e-02   1.4422159e-02  -1.3151641e+00
   1.9977500e+03   4.5016985e-02   1.8105498e-02   4.8613877e-03   8.1259175e-04   2.2334356e-02  -1.3135176e+00
   1.9980000e+03   9.3304870e-02   1.7872593e-02   1.0373767e-02   1.4481865e-02   2.8221112e-02  -1.3106315e+00
   1.9982500e+03  -1.1651402e-02   1.8792374e-02   9.1947975e-03   2.4071751e-02   2.6057518e-02  -1.3092933e+00
   1.9985000e+03   4.0840614e-02   1.8883885e-02   8.7096264e-03   8.1475629e-03   1.5568329e-02  -1.3109842e+00
   1.9987500e+03   4.2640465e-02   1.8338943e-02   7.8402489e-03   3.5388109e-02   1.7849133e-02  -1.3006937e+00
   1.9990000e+03  -7.3803144e-03   1.7564906e-02   8.1809328e-03   3.2712333e-03   2.8308922e-02  -1.3030959e+00
   1.9992500e+03   4.5838796e-02   1.9821818e-02   8.1813713e-03   2.6897511e-02   1.1394007e-02  -1.2992169e+00
   1.9995000e+03   3.5917940e-02   1.9088891e-02   6.6873023e-03   1.3910740e-02   2.0391181e-02  -1.2957763e+00
   1.9997500e+03   4.9828686e-02   1.7427920e-02   1.4783095e-02  -9.4812647e-03   1.1048907e-02  -1.2958897e+00
   2.0000000e+03   2.8235695e-02   1.8524796e-02   8.2449327e-03   3.2381387e-02   1.7431116e-02  -1.2937236e+00
   2.0002500e+03   6.4876277e-02   1.1610671e-02   1.0091369e-02  -1.5660567e-03   2.0880949e-02  -1.2967385e+00
   2.0005000e+03   3.8116692e-02   1.5121001e-02   4.2564315e-03  -4.0646191e-03   2.0740977e-03  -1.3004073e+00
   2.0007500e+03   4.0229975e-02   1.5453389e-02   3.0090590e-03  -7.8428940e-03   8.0657839e-03  -1.3077188e+00
   2.0010000e+03   4.4239531e-02   2.2779613e-02  -3.9723777e-03  -1.3189276e-02   3.8994231e-03  -1.3121365e+00
   2.0012500e+03  -6.5681307e-03   1.7114624e-02   2.7879307e-03  -3.3958170e-02   9.8104662e-03  -1.3258789e+00
   2.0015000e+03   2.5966989e-02   1.0857209e-02  -1.4100619e-05  -1.5515900e-02   7.1775987e-03  -1.3410842e+00
   2.0017500e+03   4.7239412e-02   9.6587321e-03   4.5717758e-03   3.0509631e-02   6.7042107e-03  -1.3561405e+00
   2.0020000e+03   7.1919381e-02   1.3547495e-02   4.7834204e-03  -2.4019127e-02   4.1836608e-03  -1.3676278e+00
   2.0022500e+03   4.7483211e-02   2.0787290e-02   1.7250379e-03  -1.4577103e-02  -7.2297534e-03  -1.3685592e+00
   2.0025000e+03   5.2652339e-02   1.6705728e-02   5.8489704e-04   4.5814814e-03  -7.3770597e-03  -1.3750096e+00
   2.0027500e+03  -2.3434785e-02   1.5533949e-02   2.3898657e-03  -2.9681979e-02  -8.7688627e-04  -1.3772728e+00
   2.0030000e+03   1.8376358e-02   2.5827880e-02   3.0155220e-03  -2.2910398e-02  -6.0384004e-03  -1.3856846e+00
   2.0032500e+03   7.1435598e-02   1.5258390e-02   2.1804484e-03   2.0489670e-02   4.8562001e-03  -1.3909632e+00
   2.0035000e+03   5.8685459e-02   2.0186381e-02   1.0091479e-02   1.7297707e-02  -8.9969826e-03  -1.3920987e+00
   2.0037500e+03   1.8991756e-02   1.5005974e-02   2.6152719e-03  -1.8605096e-03  -1.1683243e-03  -1.3900236e+00
   2.0040000e+03   7.6792329e-02   1.4996358e-02   7.5597559e-03  -1.2661956e-02   8.8034743e-04  -1.3883294e+00
   2.0042500e+03   4.6072909e-02   1.1641561e-02   2.2698860e-03   7.0354223e-03   1.1755020e-04  -1.3904485e+00
   2.0045000e+03   2.2817347e-02   1.6926019e-02   3.6911540e-03   8.9029669e-03   1.8433863e-03  -1.3880518e+00
   2.0047500e+03   5.2643778e-02   1.4432754e-02   5.9442636e-03   8.0609200e-03   7.1104987e-03  -1.3848058e+00
   2.0050000e+03   1.4061773e-01   9.2604932e-03   3.3731642e-03  -1.8443664e-03   7.0219695e-03  -1.3855842e+00
   2.0052500e+03   8.0761146e-06   1.1987799e-02   1.9938535e-03   1.3717512e-02   1.1808564e-02  -1.3821413e+00
   2.0055000e+03   1.0642794e-02   2.5830536e-02   1.4964161e-03  -6.2343361e-03  -5.7879295e-04  -1.3836013e+00
   2.0057500e+03   4.7786331e-03   1.6198413e-02   8.9493035e-04  -2.5829797e-02   1.0767034e-02  -1.3806571e+00
   2.0060000e+03   2.8547250e-02   9.9521599e-03   6.2918393e-03   3.1738877e-02   1.8137973e-02  -1.3735099e+00
   2.0062500e+03  -9.1879602e-02   1.4820404e-02   3.0008094e-03  -1.2288435e-02   1.5217690e-02  -1.3750750e+00
   2.0065000e+03  -1.3308730e-02   1.4261593e-02   1.8259599e-03  -4.7406166e-03   5.5528285e-03  -1.3740799e+00
   2.0067500e+03   4.5814111e-03   4.9838633e-03   9.0637103e-03   6.6167386e-03   2.8406282e-02  -1.3743817e+00
   2.0070000e+03  -6.4698583e-02   1.8896161e-02   2.8296189e-03  -4.5589569e-03   1.1597211e-02  -1.3768308e+00
   2.0072500e+03  -7.2059246e-02   1.7476925e-02   1.6782679e-03  -3.5854255e-03   2.2508417e-02  -1.3749396e+00
   2.0075000e+03  -9.2792132e-02   1.7257570e-02   2.0308535e-03  -6.5103625e-03   2.2262805e-02  -1.3812008e+00
   2.0077500e+03  -9.8117675e-02   2.1897299e-02   2.1816088e-03  -1.0814683e-02   1.5317542e-02  -1.3859963e+00
   2.0080000e+03  -1.0973167e-01   1.8143357e-02  -1.9608288e-03  -2.6717471e-02   6.4120418e-03  -1.3911716e+00
   2.0082500e+03  -1.3913828e-01   2.0874945e-02  -2.0657395e-03  -2.9836382e-02   1.6621307e-03  -1.3970545e+00
   2.0085000e+03  -1.6003304e-01   1.5558037e-02  -9.9207990e-03  -4.4155718e-02  -4.2410064e-03  -1.4121607e+00
   2.0087500e+03  -1.6936888e-01  -1.3979528e-02  -7.9606549e-03  -5.9151951e-02   2.0709584e-02  -1.4395426e+00
   2.0090000e+03  -1.7596115e-01   3.4124641e-03  -5.7101291e-03  -4.0897623e-02   3.1581309e-03  -1.4665793e+00
   2.0092500e+03   3.0589058e-01   1.2131935e-02  -5.5515853e-03  -1.3819253e-02  -1.3561450e-02  -1.4892948e+00
   2.0095000e+03   3.2533811e-03   2.0512284e-02  -2.6331096e-03   9.9999718e-03  -2.4233884e-02  -1.5050079e+00
   2.0097500e+03  -9.3303424e-02   1.4490990e-02  -6.8351168e-05   8.1027062e-04  -1.9584096e-02  -1.5057019e+00
   2.0100000e+03   4.2146563e-02   1.7257847e-02   1.6165929e-03   1.6897137e-02  -8.9771161e-03  -1.5048734e+00
   2.0102500e+03   5.3609815e-02   5.6709860e-03   2.6620916e-03   3.0050370e-02  -3.9424061e-03  -1.4980415e+00
   2.0105000e+03  -2.7875856e-01   8.4244301e-03   1.4180390e-03   1.7825877e-02   5.2155521e-04  -1.4967346e+00
   2.0107500e+03  -1.3575258e-01   1.0386041e-02   5.4089929e-03   1.9197574e-02  -2.7106442e-03  -1.4943402e+00
