//---  Quarterly US data. The columns are order as
//            1. dates                     (quarters)   
//            2. diff of log q_l           (land price)
//            3. diff of log Q             (inverse of the relative price of investment)
//            4. diff of log C             (consumption per capita)
//            5. diff of log I             (investment (in consumption units) per capita)
//            6. diff of log B             (nonfinancial business debt per capita)
//            7. log L                     (hours (percent of 24 hours) per capita)

//== BeginEndData_iv ==//
4

1975  2  2011  1

//== Datarawe_dm ==//
   144  7



  1.9752500e+003 -2.2966943e-002 -2.0713870e-002  1.1464670e-002  8.8793970e-003 -3.4012521e-003 -1.4789529e+000
  1.9755000e+003  2.1823086e-003  4.7394901e-003  1.8610699e-003  2.5168101e-002 -1.9322238e-002 -1.4750825e+000
  1.9757500e+003  1.9551570e-002  2.7631297e-003  3.5648563e-003  1.5730394e-002 -7.8127480e-003 -1.4629770e+000
  1.9760000e+003  1.8835027e-002  1.7434309e-003  1.1303936e-002  3.3061866e-002 -2.5706087e-003 -1.4513557e+000
  1.9762500e+003  1.0568214e-002  4.5084497e-003  5.9287338e-003  1.0311742e-002  1.0968579e-002 -1.4554917e+000
  1.9765000e+003  3.8264764e-002  1.3017542e-002  5.0578395e-003  1.0172267e-002 -5.0242526e-003 -1.4563397e+000
  1.9767500e+003 -1.8197785e-002  1.0413791e-002  6.1456831e-003  1.8482798e-002  7.1921893e-003 -1.4554357e+000
  1.9770000e+003  3.9649433e-002  1.9228567e-002  3.2554581e-003  3.6570465e-002  4.7493395e-003 -1.4492183e+000
  1.9772500e+003  2.8684833e-002  1.9503187e-002 -3.6471454e-004  9.2736413e-003  6.3966445e-003 -1.4350092e+000
  1.9775000e+003 -8.8321450e-003  8.3455619e-003  1.5113184e-003  1.1262318e-002  2.4391544e-003 -1.4292431e+000
  1.9777500e+003  8.1671276e-002  8.3770371e-004  1.0974033e-002  2.7771529e-002  1.9734066e-002 -1.4239733e+000
  1.9780000e+003 -1.1887917e-002  1.8696120e-003  5.2810255e-003 -1.6462939e-002  7.4509894e-003 -1.4236512e+000
  1.9782500e+003  1.4108569e-002  1.1414654e-002  7.9388441e-003  6.0156724e-002  7.1916429e-003 -1.3991489e+000
  1.9785000e+003  4.0333440e-002  1.1563140e-002  3.1344225e-003 -6.1674004e-003 -7.0370014e-004 -1.3953400e+000
  1.9787500e+003  1.3593802e-002  1.7085643e-002  2.3316173e-003  8.8175983e-003  8.5520708e-003 -1.3879536e+000
  1.9790000e+003  1.0144020e-001  2.1120201e-002  2.1133072e-003  4.0911501e-003  4.2412306e-003 -1.3853617e+000
  1.9792500e+003 -8.2325943e-002  2.7436721e-002 -5.5250112e-004 -3.4775472e-002  2.0363262e-003 -1.3855230e+000
  1.9795000e+003 -2.1874223e-002  2.3427515e-002  2.9047418e-003  7.2213652e-003 -2.0252489e-003 -1.3817363e+000
  1.9797500e+003  2.3070930e-002  1.2404850e-002  1.0692565e-003 -3.1872103e-002 -4.9675460e-003 -1.3849445e+000
  1.9800000e+003 -6.4477565e-002  6.3232939e-003 -6.5411471e-003 -1.3127038e-002 -7.4749062e-003 -1.3916689e+000
  1.9802500e+003 -4.2975905e-002  2.6859755e-003 -1.8714858e-002 -9.7571784e-002 -1.6956153e-002 -1.4134201e+000
  1.9805000e+003  5.5936642e-002  5.6713968e-003  2.0830275e-004  1.7866407e-002 -8.8782011e-003 -1.4223952e+000
  1.9807500e+003 -1.0212310e-001  1.0832515e-002  7.7138597e-003  9.9659266e-003  2.6897509e-003 -1.4138320e+000
  1.9810000e+003 -5.7618152e-002  1.4161399e-002 -6.9215749e-004  1.0847205e-002 -9.7332156e-003 -1.4120362e+000
  1.9812500e+003  2.8884744e-002 -3.0872403e-003 -1.4817765e-003 -1.5083803e-002  1.8200660e-002 -1.4152114e+000
  1.9815000e+003  1.5443203e-002  7.6532674e-004 -4.4790047e-003  2.1169432e-002  1.4548831e-002 -1.4191764e+000
  1.9817500e+003 -4.6143622e-002 -9.7727305e-004 -3.2008135e-003 -4.5823770e-002  1.0436957e-002 -1.4266560e+000
  1.9820000e+003  3.1850544e-003  5.3689818e-004 -1.7009698e-003 -1.4890496e-003  1.2236079e-002 -1.4460874e+000
  1.9822500e+003 -2.1723433e-002 -2.9573947e-003  2.0326484e-003 -2.0620938e-002  1.5196580e-002 -1.4455089e+000
  1.9825000e+003 -1.0383911e-001  1.1007442e-002  6.5727632e-003 -2.0390266e-002  1.8489421e-003 -1.4557682e+000
  1.9827500e+003  1.1915923e-001  7.7158398e-003  1.2334836e-002  3.2165243e-003  7.5468824e-004 -1.4681300e+000
  1.9830000e+003  1.8448568e-002  6.1576485e-003  8.4062968e-003 -4.1408308e-003  1.8525592e-002 -1.4651718e+000
  1.9832500e+003 -5.9318410e-003  1.0160881e-002  9.6028773e-003  4.9030220e-002  9.0776445e-003 -1.4569119e+000
  1.9835000e+003  8.5231192e-003  1.4966467e-002  1.1503374e-002  2.9085897e-002  4.8102602e-003 -1.4404981e+000
  1.9837500e+003  4.1314455e-003  3.7396311e-003  6.8675907e-003  5.7898968e-002  2.4638353e-002 -1.4250642e+000
  1.9840000e+003  1.1430018e-002  2.0812205e-002  1.3906643e-003  1.0967531e-002  2.2735310e-002 -1.4104630e+000
  1.9842500e+003  6.2816923e-003  1.3614821e-002  9.7166807e-003  2.6116764e-002  3.4232325e-002 -1.4000512e+000
  1.9845000e+003  4.4435657e-004  1.4822457e-002  6.1175747e-003  5.5494716e-003  2.2384087e-002 -1.3983724e+000
  1.9847500e+003  3.7176584e-002  1.2864728e-002  6.7670060e-003  2.2567140e-002  3.8289158e-002 -1.3950763e+000
  1.9850000e+003 -1.2762424e-003  1.5545811e-002  1.1180908e-002  4.0582008e-003  1.2302908e-002 -1.3893639e+000
  1.9852500e+003  4.0752073e-002  1.1741103e-002  9.7657994e-003  9.2763602e-003  2.1673753e-002 -1.3855255e+000
  1.9855000e+003  3.5512171e-002  1.2016102e-002  8.6298108e-003  1.8857129e-002  1.1991308e-002 -1.3856880e+000
  1.9857500e+003  3.5455051e-003  1.0163799e-002  4.2012932e-003 -1.7363404e-002  3.4404537e-002 -1.3841594e+000
  1.9860000e+003  1.9693809e-002  1.2191271e-002  6.9023646e-003 -2.3117028e-003  1.7565069e-002 -1.3884939e+000
  1.9862500e+003  5.1238444e-002 -4.4967791e-003  3.6125603e-003  3.1787613e-002  3.2120169e-002 -1.3937511e+000
  1.9865000e+003  3.2210355e-004  2.4837925e-003  2.8535566e-003  4.2067282e-002  1.5304675e-002 -1.3917077e+000
  1.9867500e+003  3.0787520e-002  4.8893542e-003  8.4421649e-003 -8.1086554e-003  2.6924444e-002 -1.3872138e+000
  1.9870000e+003  2.2592134e-002  1.0970949e-002  8.8582512e-003 -5.9165765e-002  7.9103812e-003 -1.3789535e+000
  1.9872500e+003  1.4722898e-002  9.3249285e-003  5.7719973e-003  2.6689075e-002  1.0285200e-002 -1.3762895e+000
  1.9875000e+003 -3.0809222e-003  1.3608170e-002  2.5953478e-003  2.2608842e-002  4.9757433e-003 -1.3721614e+000
  1.9877500e+003  2.6267058e-003  8.3038882e-003  5.2546164e-003 -2.6822285e-002  1.6318561e-002 -1.3644975e+000
  1.9880000e+003  1.0692064e-002  1.4464182e-002  9.5267051e-003  2.8262582e-002  1.3289845e-002 -1.3664878e+000
  1.9882500e+003  3.6455417e-002  1.3562237e-002  7.5648799e-003  9.1831463e-004  1.1480050e-002 -1.3547232e+000
  1.9885000e+003 -1.1611034e-002  1.3520990e-002  9.0531911e-003 -1.2724808e-002  1.6027528e-003 -1.3545740e+000
  1.9887500e+003  1.2901094e-002  5.0228895e-003  7.5977113e-003  1.7557929e-002  1.2192867e-002 -1.3459212e+000
  1.9890000e+003 -6.4251477e-003  1.2464756e-002  2.2558194e-003 -7.9176718e-003  4.4748482e-003 -1.3390919e+000
  1.9892500e+003 -1.5024873e-003  1.9065662e-002  1.6366402e-003  9.5565732e-004  3.4773085e-003 -1.3374255e+000
  1.9895000e+003  6.6300997e-002  6.6112544e-003  6.3281571e-003  1.9085963e-002  1.0259031e-003 -1.3375989e+000
  1.9897500e+003 -2.2532302e-003  9.7059104e-003  6.8067671e-003 -3.2038372e-002  6.3393362e-003 -1.3398299e+000
  1.9900000e+003 -4.2123278e-002  2.0234352e-002  4.5606233e-003  1.0345851e-002 -4.1905458e-003 -1.3398438e+000
  1.9902500e+003 -4.7615398e-003  1.7030588e-002  5.7965026e-003 -4.3214175e-002 -3.8939045e-003 -1.3475484e+000
  1.9905000e+003 -1.7161409e-002  1.5567193e-002  3.4164204e-003 -1.4311103e-002 -1.1425017e-002 -1.3569730e+000
  1.9907500e+003 -2.8313987e-002  1.4899235e-002 -9.4608501e-003 -3.2715319e-002 -1.7281447e-002 -1.3650082e+000
  1.9910000e+003  3.2794072e-002 -3.8020527e-004 -2.8267263e-003 -2.7904384e-002 -1.3197792e-002 -1.3781337e+000
  1.9912500e+003 -3.3950785e-002  9.9373114e-003  4.0740717e-003 -7.1272013e-003 -7.6824326e-003 -1.3867530e+000
  1.9915000e+003 -1.4916365e-002  1.2567665e-002 -8.9827054e-004  4.2275636e-003 -2.1239426e-002 -1.3907876e+000
  1.9917500e+003  4.5348931e-002  1.2621878e-002 -1.4694207e-003 -1.9037819e-002 -2.4025404e-002 -1.3951856e+000
  1.9920000e+003  3.4771790e-002  1.5607933e-002  1.5068602e-002  7.7860070e-003 -8.0582570e-003 -1.4026626e+000
  1.9922500e+003 -6.4815083e-002  1.4070630e-002  2.1898356e-003  1.7252477e-002 -1.0806121e-002 -1.4012996e+000
  1.9925000e+003  2.4760365e-002  1.3263383e-002  7.7669987e-003  1.0709625e-002 -1.5153093e-002 -1.4025198e+000
  1.9927500e+003 -1.8847385e-002  1.2097524e-002  7.7337558e-003  1.5573379e-002 -1.1038306e-002 -1.3992334e+000
  1.9930000e+003 -4.0514652e-002  7.7010172e-003  3.4732973e-004  6.1837639e-003 -8.3408935e-003 -1.3935381e+000
  1.9932500e+003  3.9882162e-002  7.1062596e-003  4.4169209e-003  2.7417687e-002 -4.9694472e-003 -1.3844966e+000
  1.9935000e+003 -9.4911398e-003  5.5689887e-003  6.5759771e-003  7.0514037e-003 -6.8062798e-003 -1.3828862e+000
  1.9937500e+003  1.7071002e-002  6.6433747e-003  3.2575984e-003  2.9721809e-002 -4.6993972e-003 -1.3779557e+000
  1.9940000e+003  4.8422443e-003  5.3112268e-003  5.8590385e-003  2.1448822e-002  7.6490940e-003 -1.3767353e+000
  1.9942500e+003  1.2722762e-002  5.7160230e-003  3.5033382e-003  5.4087754e-003  2.1251462e-003 -1.3625534e+000
  1.9945000e+003 -2.6870011e-002  1.1318965e-002  5.8181001e-003  8.0588787e-003 -4.5908086e-003 -1.3537686e+000
  1.9947500e+003 -2.3974053e-002  1.2863344e-002  3.6921221e-003  3.3358526e-002  1.8138730e-003 -1.3509472e+000
  1.9950000e+003 -1.3851934e-002  1.0057084e-002  2.6261466e-003  4.7811437e-003  1.6531533e-002 -1.3459845e+000
  1.9952500e+003  1.4750490e-002  1.1605720e-002  4.6406083e-003 -2.3493099e-003  1.4188984e-002 -1.3478860e+000
  1.9955000e+003  2.0860678e-002  1.2851074e-002  2.2677483e-003  6.4442418e-003  4.0933506e-003 -1.3405617e+000
  1.9957500e+003 -4.0967155e-003  1.2767863e-002  3.5614716e-003  1.1909899e-002  1.1196103e-002 -1.3427171e+000
  1.9960000e+003  2.3961248e-002  1.3912967e-002  5.8144191e-003  6.0036746e-003  1.1465837e-002 -1.3468245e+000
  1.9962500e+003 -6.1852404e-003  2.0663181e-002  6.9576496e-003  1.1426637e-002  8.1253657e-003 -1.3414905e+000
  1.9965000e+003 -2.5516689e-002  1.2920624e-002  4.7033523e-003  1.0980698e-002  4.6688632e-003 -1.3369449e+000
  1.9967500e+003  7.1667123e-003  1.8269091e-002  2.6073925e-003  1.3716471e-003 -1.2616933e-003 -1.3280933e+000
  1.9970000e+003  5.8172639e-004  1.6986730e-002  5.4693428e-003  1.3370973e-002  1.2613209e-002 -1.3196398e+000
  1.9972500e+003  1.9467428e-002  1.7208734e-002  1.9997062e-003  1.1489241e-003  1.6008512e-002 -1.3167886e+000
  1.9975000e+003 -1.0263389e-002  1.5649043e-002  1.1573686e-002  3.5125878e-002  1.4422816e-002 -1.3143004e+000
  1.9977500e+003  2.0822926e-002  1.8105498e-002  4.8613877e-003  8.1259175e-004  2.2333487e-002 -1.3126539e+000
  1.9980000e+003  4.0994642e-002  1.7872593e-002  1.0373767e-002  1.4481865e-002  2.8221119e-002 -1.3097677e+000
  1.9982500e+003  2.2501909e-002  1.8792374e-002  9.1947975e-003  2.4071751e-002  2.6057525e-002 -1.3084296e+000
  1.9985000e+003  7.0457136e-003  1.8883885e-002  8.7096264e-003  8.1475629e-003  1.5567750e-002 -1.3101205e+000
  1.9987500e+003  2.9372444e-002  1.8338943e-002  7.8402489e-003  3.5388109e-002  1.7850482e-002 -1.2998300e+000
  1.9990000e+003  1.2408016e-002  1.7564906e-002  8.1809328e-003  3.2712333e-003  2.8307253e-002 -1.3022322e+000
  1.9992500e+003  1.2620605e-002  1.9821818e-002  8.1813713e-003  2.6897511e-002  1.1396719e-002 -1.2983532e+000
  1.9995000e+003  2.5679825e-002  1.9088891e-002  6.6873023e-003  1.3910740e-002  2.0390437e-002 -1.2949126e+000
  1.9997500e+003  2.2982264e-002  1.7427920e-002  1.4783095e-002 -9.4812647e-003  1.1047528e-002 -1.2950260e+000
  2.0000000e+003 -8.2012659e-003  1.8524796e-002  8.2449327e-003  3.2381387e-002  1.7430637e-002 -1.2928599e+000
  2.0002500e+003  3.9087788e-002  1.1610671e-002  1.0091369e-002 -1.5660567e-003  2.0883540e-002 -1.2958748e+000
  2.0005000e+003  2.5229408e-002  1.5121001e-002  4.2564315e-003 -4.0646191e-003  2.0726539e-003 -1.2995436e+000
  2.0007500e+003  2.7900368e-002  1.5453389e-002  3.0090590e-003 -7.8428940e-003  8.0651599e-003 -1.3068550e+000
  2.0010000e+003  1.6065654e-002  2.2779613e-002 -3.9723777e-003 -1.3189276e-002  3.9006537e-003 -1.3112727e+000
  2.0012500e+003  1.6556426e-002  1.7114624e-002  2.7879307e-003 -3.3958170e-002  9.8107521e-003 -1.3250152e+000
  2.0015000e+003 -9.1570793e-005  1.0857209e-002 -1.4100619e-005 -1.5515900e-002  7.1771425e-003 -1.3402205e+000
  2.0017500e+003  3.9061045e-002  9.6587321e-003  4.5717758e-003  3.0509631e-002  6.7031747e-003 -1.3552768e+000
  2.0020000e+003  6.4616875e-002  1.3547495e-002  4.7834204e-003 -2.4019127e-002  4.1841024e-003 -1.3667641e+000
  2.0022500e+003  2.2186121e-002  2.0787290e-002  1.7250379e-003 -1.4577103e-002 -7.2298983e-003 -1.3676955e+000
  2.0025000e+003  4.2052286e-002  1.6705728e-002  5.8489704e-004  4.5814814e-003 -7.3756133e-003 -1.3741459e+000
  2.0027500e+003 -5.8885275e-004  1.5533949e-002  2.3898657e-003 -2.9681979e-002 -8.7847436e-004 -1.3764091e+000
  2.0030000e+003 -1.9045982e-002  2.5827880e-002  3.0155220e-003 -2.2910398e-002 -6.0382560e-003 -1.3848209e+000
  2.0032500e+003  6.9566991e-002  1.5258390e-002  2.1804484e-003  2.0489670e-002  4.8563423e-003 -1.3900994e+000
  2.0035000e+003  2.8605161e-002  2.0186381e-002  1.0091479e-002  1.7297707e-002 -8.9967017e-003 -1.3912350e+000
  2.0037500e+003  4.1852430e-003  1.5005973e-002  2.6152719e-003 -1.8605096e-003 -1.1698586e-003 -1.3891599e+000
  2.0040000e+003 -9.8358608e-004  1.4996357e-002  7.5597559e-003 -1.2661956e-002  8.8173825e-004 -1.3874657e+000
  2.0042500e+003  2.3550679e-002  1.1641561e-002  2.2698860e-003  7.0354223e-003  1.1714137e-004 -1.3895848e+000
  2.0045000e+003  2.5257889e-002  1.6926020e-002  3.6911540e-003  8.9029669e-003  1.8431221e-003 -1.3871881e+000
  2.0047500e+003  3.7896164e-002  1.4432756e-002  5.9442636e-003  8.0609200e-003  7.1110344e-003 -1.3839421e+000
  2.0050000e+003  3.4625932e-002  9.2604959e-003  3.3731642e-003 -1.8443664e-003  7.0214534e-003 -1.3847205e+000
  2.0052500e+003  2.8917497e-002  1.1987798e-002  1.9938535e-003  1.3717512e-002  1.1808449e-002 -1.3812776e+000
  2.0055000e+003 -2.5677771e-003  2.5830532e-002  1.4964161e-003 -6.2343361e-003 -5.7803817e-004 -1.3827376e+000
  2.0057500e+003  1.5037353e-002  1.6198405e-002  8.9493035e-004 -2.5829797e-002  1.0767756e-002 -1.3797934e+000
  2.0060000e+003 -6.8873297e-003  9.9521492e-003  6.2918393e-003  3.1738877e-002  1.8137599e-002 -1.3729903e+000
  2.0062500e+003 -1.5594334e-002  1.4820407e-002  3.0008094e-003 -1.2288435e-002  1.5261810e-002 -1.3743781e+000
  2.0065000e+003 -4.6512574e-003  1.4261610e-002  1.8259599e-003 -4.7406166e-003  5.5519453e-003 -1.3728744e+000
  2.0067500e+003 -5.4272024e-003  4.9838938e-003  9.0637103e-003  6.6167386e-003  2.8408579e-002 -1.3733914e+000
  2.0070000e+003  2.8806324e-003  1.8896204e-002  2.8296189e-003 -4.5589569e-003  1.1057211e-002 -1.3760353e+000
  2.0072500e+003 -2.0707028e-002  1.7476912e-002  1.6782679e-003 -3.5854255e-003  2.2228595e-002 -1.3744639e+000
  2.0075000e+003 -5.6699546e-002  1.7257501e-002  2.0308535e-003 -6.5103625e-003  2.2275126e-002 -1.3799769e+000
  2.0077500e+003 -7.5802011e-002  2.1897174e-002  2.1816088e-003 -1.0814683e-002  1.5220247e-002 -1.3849862e+000
  2.0080000e+003 -6.1603514e-002  1.8143181e-002 -1.9608288e-003 -2.6717471e-002  7.4122506e-003 -1.3902589e+000
  2.0082500e+003 -1.0126478e-001  2.0874999e-002 -2.0657395e-003 -2.9836382e-002  2.5220085e-003 -1.3965054e+000
  2.0085000e+003 -6.5566225e-002  1.5558310e-002 -9.9207990e-003 -4.4155718e-002 -3.3766246e-003 -1.4104213e+000
  2.0087500e+003 -4.5584434e-002 -1.3979035e-002 -7.9606549e-003 -5.9151951e-002  2.1575250e-002 -1.4382299e+000
  2.0090000e+003  6.6603792e-002  3.4132350e-003 -5.7101291e-003 -4.0897623e-002  2.3711289e-003 -1.4662493e+000
  2.0092500e+003 -6.0388140e-003  1.2131693e-002 -5.5515853e-003 -1.3819253e-002 -1.2745098e-002 -1.4902378e+000
  2.0095000e+003  3.4065846e-003  2.0510944e-002 -2.6331096e-003  9.9999718e-003 -2.4349809e-002 -1.5048589e+000
  2.0097500e+003 -7.4023047e-002  1.4488562e-002 -6.8351168e-005  8.1027062e-004 -2.0198751e-002 -1.5071208e+000
  2.0100000e+003 -6.0561826e-002  1.7254450e-002  1.6165929e-003  1.6897137e-002 -9.3384230e-003 -1.5080372e+000
  2.0102500e+003  5.0513956e-002  5.6685299e-003  2.6620916e-003  3.0050370e-002 -3.8941571e-003 -1.5015678e+000
  2.0105000e+003 -1.0304283e-001  8.4228251e-003  1.4180390e-003  1.7825877e-002  2.0079825e-003 -1.5001603e+000
  2.0107500e+003 -8.6888547e-002  1.0017943e-002  5.0758619e-003  2.2127557e-002  2.9139579e-003 -1.4985983e+000
  2.0110000e+003 -1.4947401e-001  1.6811308e-002  3.5885836e-003  1.0126135e-002 -2.5639364e-003 -1.4969449e+000
