128 -3.117707e-03 1.889616e-02 2.829619e-03 -4.558957e-03 1.159721e-02 -1.376831e+00 
129 -4.196920e-03 1.747693e-02 1.678268e-03 -3.585425e-03 2.250842e-02 -1.374940e+00 
130 -3.750127e-02 1.725757e-02 2.030854e-03 -6.510363e-03 2.226281e-02 -1.381201e+00 
131 -5.695058e-02 2.189730e-02 2.181609e-03 -1.081468e-02 1.531754e-02 -1.385996e+00 
132 -5.829649e-02 1.814336e-02 -1.960829e-03 -2.671747e-02 6.412042e-03 -1.391172e+00 
133 -6.827665e-02 2.087494e-02 -2.065740e-03 -2.983638e-02 1.662131e-03 -1.397055e+00 
134 -7.263279e-02 1.555804e-02 -9.920799e-03 -4.415572e-02 -4.241006e-03 -1.412161e+00 
135 -4.675351e-02 -1.397953e-02 -7.960655e-03 -5.915195e-02 2.070958e-02 -1.439543e+00 
136 2.421659e-02 3.412464e-03 -5.710129e-03 -4.089762e-02 3.158131e-03 -1.466579e+00 
137 2.176525e-02 1.213193e-02 -5.551585e-03 -1.381925e-02 -1.356145e-02 -1.489295e+00 
138 -1.024486e-03 2.051228e-02 -2.633110e-03 9.999972e-03 -2.423388e-02 -1.505008e+00 
139 -5.784427e-02 1.449099e-02 -6.835117e-05 8.102706e-04 -1.958410e-02 -1.505702e+00 
140 -9.579242e-02 1.725785e-02 1.616593e-03 1.689714e-02 -8.977116e-03 -1.504873e+00 
141 7.848791e-02 5.670986e-03 2.662092e-03 3.005037e-02 -3.942406e-03 -1.498042e+00 
142 -9.654891e-02 8.424430e-03 1.418039e-03 1.782588e-02 5.215552e-04 -1.496735e+00 
143 -5.081190e-02 1.038604e-02 5.408993e-03 1.919757e-02 -2.710644e-03 -1.494340e+00 
144 -2.195498e-02 9.045298e-03 3.561143e-03 -1.135095e-02 -1.860221e-02 -1.494844e+00 
145 -1.892589e-02 1.054527e-02 3.335623e-03 -1.388271e-02 -1.724681e-02 -1.499043e+00 
146 -1.938112e-02 1.124442e-02 3.051227e-03 -1.186797e-02 -1.598380e-02 -1.502411e+00 
147 -1.974277e-02 1.159438e-02 2.780938e-03 -8.731749e-03 -1.472940e-02 -1.504773e+00 
148 -1.364172e-02 1.177797e-02 2.507410e-03 4.258207e-05 -3.676089e-03 -1.504345e+00 
149 -1.348499e-02 1.187704e-02 2.449496e-03 5.787090e-03 -3.246122e-03 -1.502722e+00 
150 -1.354658e-02 1.193134e-02 2.460234e-03 8.409026e-03 -2.648937e-03 -1.500391e+00 
151 -1.343075e-02 1.196137e-02 2.552774e-03 9.493717e-03 -2.010798e-03 -1.497838e+00 
152 2.578298e-03 1.197806e-02 2.548046e-03 2.400250e-02 2.313831e-02 -1.490547e+00 
153 3.474549e-03 1.198735e-02 2.935043e-03 3.159023e-02 2.175206e-02 -1.482186e+00 
154 3.614892e-03 1.199253e-02 3.335546e-03 3.240070e-02 2.083069e-02 -1.473610e+00 
155 4.033870e-03 1.199542e-02 3.795337e-03 3.040184e-02 2.008170e-02 -1.465720e+00 
156 4.502700e-03 1.199703e-02 4.272088e-03 2.738547e-02 1.939055e-02 -1.458786e+00 
157 4.933196e-03 1.199793e-02 4.722445e-03 2.416595e-02 1.871508e-02 -1.452827e+00 
158 5.295685e-03 1.199844e-02 5.119870e-03 2.110443e-02 1.804263e-02 -1.447767e+00 
159 5.584918e-03 1.199872e-02 5.453033e-03 1.834678e-02 1.737230e-02 -1.443499e+00 
160 5.805554e-03 1.199887e-02 5.720626e-03 1.593582e-02 1.670749e-02 -1.439912e+00 
161 5.965836e-03 1.199896e-02 5.926919e-03 1.386577e-02 1.605275e-02 -1.436904e+00 
162 6.074816e-03 1.199901e-02 6.078783e-03 1.210938e-02 1.541246e-02 -1.434382e+00 
163 6.141155e-03 1.199904e-02 6.183917e-03 1.063147e-02 1.479037e-02 -1.432266e+00 
164 6.172647e-03 1.199905e-02 6.249876e-03 9.395667e-03 1.418942e-02 -1.430487e+00 
165 6.176076e-03 1.199906e-02 6.283595e-03 8.367552e-03 1.361179e-02 -1.428986e+00 
166 6.157235e-03 1.199907e-02 6.291202e-03 7.516041e-03 1.305898e-02 -1.427716e+00 
167 6.120999e-03 1.199907e-02 6.277978e-03 6.813776e-03 1.253190e-02 -1.426634e+00 
