0.000328897 0.00911745 0.00325766 0.00918089 0.0170242 -1.48791 
0.00503157 0.0106114 0.00345457 0.0181545 0.0150654 -1.48324 
0.0044162 0.0111876 0.00345574 0.0210181 0.0151751 -1.47832 
0.00314855 0.0116121 0.003563 0.0215226 0.0133996 -1.47282 
0.00411231 0.0117619 0.0038856 0.0210191 0.011584 -1.46698 
0.00403684 0.0118853 0.00405002 0.0181587 0.0116019 -1.46263 
0.00481654 0.0117854 0.00420746 0.0166825 0.0124779 -1.45883 
0.00465891 0.0120047 0.00451191 0.0151839 0.0117944 -1.45493 
0.0047205 0.0119979 0.00467761 0.0126495 0.0111751 -1.45199 
0.0050866 0.0119902 0.00494039 0.0125359 0.0122028 -1.44895 
0.00553859 0.0119583 0.00513425 0.0120866 0.0122641 -1.44631 
0.00499304 0.0120159 0.00522612 0.00997695 0.00938457 -1.44404 
0.00530476 0.0118961 0.00542855 0.00906877 0.00933488 -1.44222 
0.00551783 0.0120997 0.00551495 0.00714139 0.0090024 -1.44057 
0.00568591 0.0121497 0.00545022 0.00748754 0.0114219 -1.43933 
0.00568054 0.0119318 0.00544674 0.0076172 0.00920912 -1.43727 
0.00515269 0.0118739 0.0055544 0.00639925 0.00898383 -1.43595 
0.00519321 0.0120028 0.00554593 0.00627487 0.00762144 -1.4351 
0.00573238 0.0120896 0.00545443 0.00600478 0.0103732 -1.43403 
0.00499913 0.0119384 0.00535879 0.00580237 0.00805964 -1.43292 
0.00491002 0.011942 0.00543283 0.00534176 0.00836925 -1.43219 
0.00564765 0.0119791 0.00544046 0.00541934 0.0095083 -1.43172 
0.00508148 0.0119452 0.00537385 0.00580175 0.00846842 -1.43046 
0.00501923 0.012018 0.00527014 0.00531216 0.00776964 -1.4296 

