128 -3.117707e-03 1.889616e-02 2.829619e-03 -4.558957e-03 1.159721e-02 -1.376831e+00 
129 -4.196920e-03 1.747693e-02 1.678268e-03 -3.585425e-03 2.250842e-02 -1.374940e+00 
130 -3.750127e-02 1.725757e-02 2.030854e-03 -6.510363e-03 2.226281e-02 -1.381201e+00 
131 -5.695058e-02 2.189730e-02 2.181609e-03 -1.081468e-02 1.531754e-02 -1.385996e+00 
132 -5.829649e-02 1.814336e-02 -1.960829e-03 -2.671747e-02 6.412042e-03 -1.391172e+00 
133 -6.827665e-02 2.087494e-02 -2.065740e-03 -2.983638e-02 1.662131e-03 -1.397055e+00 
134 -7.263279e-02 1.555804e-02 -9.920799e-03 -4.415572e-02 -4.241006e-03 -1.412161e+00 
135 -4.675351e-02 -1.397953e-02 -7.960655e-03 -5.915195e-02 2.070958e-02 -1.439543e+00 
136 2.421659e-02 3.412464e-03 -5.710129e-03 -4.089762e-02 3.158131e-03 -1.466579e+00 
137 2.176525e-02 1.213193e-02 -5.551585e-03 -1.381925e-02 -1.356145e-02 -1.489295e+00 
138 -1.024486e-03 2.051228e-02 -2.633110e-03 9.999972e-03 -2.423388e-02 -1.505008e+00 
139 -5.784427e-02 1.449099e-02 -6.835117e-05 8.102706e-04 -1.958410e-02 -1.505702e+00 
140 -9.579242e-02 1.725785e-02 1.616593e-03 1.689714e-02 -8.977116e-03 -1.504873e+00 
141 7.848791e-02 5.670986e-03 2.662092e-03 3.005037e-02 -3.942406e-03 -1.498042e+00 
142 -9.654891e-02 8.424430e-03 1.418039e-03 1.782588e-02 5.215552e-04 -1.496735e+00 
143 -5.081190e-02 1.038604e-02 5.408993e-03 1.919757e-02 -2.710644e-03 -1.494340e+00 
144 1.974544e-04 9.045298e-03 3.346615e-03 8.522600e-03 1.572993e-02 -1.488217e+00 
145 4.190430e-03 1.054527e-02 3.414322e-03 1.671423e-02 1.431512e-02 -1.484167e+00 
146 3.640941e-03 1.124442e-02 3.428621e-03 2.022248e-02 1.351697e-02 -1.478811e+00 
147 3.589102e-03 1.159438e-02 3.543515e-03 2.102880e-02 1.301212e-02 -1.473216e+00 
148 3.760221e-03 1.177797e-02 3.753124e-03 2.040170e-02 1.263700e-02 -1.467870e+00 
149 4.008768e-03 1.187704e-02 4.013831e-03 1.906537e-02 1.231688e-02 -1.462978e+00 
150 4.267449e-03 1.193134e-02 4.286713e-03 1.743571e-02 1.201736e-02 -1.458604e+00 
151 4.505810e-03 1.196137e-02 4.545938e-03 1.574932e-02 1.172315e-02 -1.454745e+00 
152 4.711367e-03 1.197806e-02 4.777222e-03 1.413564e-02 1.142834e-02 -1.451367e+00 
153 4.880639e-03 1.198735e-02 4.974381e-03 1.265953e-02 1.113167e-02 -1.448422e+00 
154 5.014641e-03 1.199253e-02 5.136303e-03 1.134736e-02 1.083410e-02 -1.445856e+00 
155 5.116503e-03 1.199542e-02 5.264764e-03 1.020326e-02 1.053752e-02 -1.443619e+00 
156 5.190199e-03 1.199703e-02 5.363002e-03 9.219192e-03 1.024406e-02 -1.441662e+00 
157 5.239855e-03 1.199793e-02 5.434828e-03 8.381156e-03 9.955738e-03 -1.439944e+00 
158 5.269396e-03 1.199844e-02 5.484118e-03 7.672821e-03 9.674310e-03 -1.438427e+00 
159 5.282378e-03 1.199872e-02 5.514530e-03 7.077630e-03 9.401208e-03 -1.437079e+00 
160 5.281927e-03 1.199887e-02 5.529371e-03 6.579917e-03 9.137533e-03 -1.435872e+00 
161 5.270737e-03 1.199896e-02 5.531547e-03 6.165441e-03 8.884083e-03 -1.434784e+00 
162 5.251095e-03 1.199901e-02 5.523563e-03 5.821577e-03 8.641391e-03 -1.433794e+00 
163 5.224922e-03 1.199904e-02 5.507547e-03 5.537315e-03 8.409762e-03 -1.432887e+00 
164 5.193817e-03 1.199905e-02 5.485290e-03 5.303165e-03 8.189317e-03 -1.432047e+00 
165 5.159100e-03 1.199906e-02 5.458284e-03 5.111009e-03 7.980025e-03 -1.431265e+00 
166 5.121853e-03 1.199907e-02 5.427762e-03 4.953942e-03 7.781734e-03 -1.430529e+00 
167 5.082958e-03 1.199907e-02 5.394739e-03 4.826116e-03 7.594201e-03 -1.429832e+00 
